0
-3
-3
-6
-6
-4
-6
-5
-5
-5
-3
-3
-3
-3
-4
-6
-7
-7
-7
-10
-11
-12
-9
-3
-10
-10
-10
-10
-10
-7
-8
-6
-6
-8
-7
-5
-4
-6
-6
-6
-3
-5
-7
-9
-7
-9
-11
-9
-8
-6
-5
-5
-6
-11
-19
-14
-9
-4
0
3
9
7
2
4
4
4
5
4
12
13
15
15
15
14
12
13
16
19
19
19
19
17
19
17
17
18
15
14
14
12
12
10
10
10
8
7
5
2
2
0
-5
0
-3
-5
-10
-3
-2
-2
0
0
0
0
0
2
1
-1
-3
-3
-5
-4
-4
-6
-3
-1
-1
1
1
3
3
3
4
5
3
1
4
1
-2
3
8
5
5
3
5
5
5
7
6
6
6
7
8
10
8
6
6
8
8
8
6
6
8
8
6
10
12
9
12
10
13
18
21
29
32
31
33
35
34
34
34
34
34
34
35
33
35
33
30
28
28
26
26
27
32
33
31
29
31
31
32
32
30
32
32
32
30
28
26
25
23
27
30
28
31
30
30
30
32
35
36
37
35
35
33
35
32
33
28
25
26
26
26
23
20
25
22
17
15
14
22
17
16
14
16
18
16
14
12
12
9
10
11
10
9
6
6
3
-2
7
6
12
7
11
16
21
25
20
21
20
21
18
23
27
29
29
32
34
35
38
40
40
38
39
39
38
39
41
39
36
27
24
17
18
20
19
17
17
16
19
20
18
18
16
13
15
20
17
20
14
15
15
13
11
10
13
11
11
11
9
7
5
5
7
7
9
9
9
9
8
10
9
11
9
11
11
13
11
13
18
18
24
25
27
25
25
28
31
32
32
34
34
37
36
33
30
30
32
35
33
34
31
32
32
34
36
37
40
42
40
40
42
40
40
38
43
45
48
46
43
41
40
43
40
35
32
25
19
28
24
31
30
33
34
36
36
39
39
39
40
40
42
41
43
44
42
40
40
40
40
42
42
45
46
44
41
39
36
31
30
30
31
29
30
33
30
32
32
30
28
29
27
24
22
23
20
13
12
14
19
18
17
15
16
16
16
16
21
22
22
22
25
25
25
28
28
26
26
26
24
24
22
24
22
21
24
25
20
16
16
18
18
16
15
15
15
14
17
17
16
17
22
25
23
23
26
23
23
20
19
18
22
23
26
24
22
23
23
23
22
19
18
25
29
27
24
17
15
15
15
15
12
9
4
14
12
15
10
6
6
8
8
6
4
2
4
4
5
8
5
0
2
5
6
7
7
7
7
4
4
4
4
3
3
4
7
6
6
5
8
4
-1
-4
-3
-6
-7
-6
-4
-3
-2
1
-1
2
0
2
0
-1
0
1
2
0
0
5
2
2
-1
-6
-5
-8
-13
-15
-15
-17
-16
-15
-16
-16
-16
-22
-21
-27
-32
-36
-33
-36
-37
-34
-35
-40
-37
-38
-30
-37
-34
-38
-46
-48
-46
-44
-46
-44
-49
-48
-47
-50
-55
-60
-61
-63
-59
-59
-59
-59
-61
-64
-66
-65
-62
-62
-61
-59
-57
-57
-61
-60
-58
-55
-55
-55
-53
-53
-52
-51
-49
-49
-49
-52
-53
-55
-56
-49
-51
-46
-49
-54
-51
-58
-58
-60
-60
-58
-59
-60
-60
-59
-52
-57
-60
-63
-72
-75
-79
-74
-74
-76
-76
-78
-76
-76
-76
-75
-75
-78
-75
-72
-74
-76
-77
-76
-74
-72
-71
-70
-67
-69
-71
-68
-71
-77
-81
-77
-88
-91
-93
-96
-96
-105
-110
-115
-108
-108
-107
-107
-105
-107
-106
-104
-106
-108
-109
-109
-109
-111
-112
-110
-110
-110
-110
-110
-112
-112
-111
-110
-112
-107
-112
-116
-118
-114
-115
-113
-110
-112
-111
-106
-105
-107
-106
-105
-108
-110
-111
-112
-110
-110
-112
-111
-114
-115
-120
-122
-116
-119
-122
-124
-123
-125
-127
-129
-126
-126
-131
-126
-129
-134
-125
-126
-124
-124
-125
-126
-128
-125
-122
-127
-132
-132
-132
-129
-129
-127
-126
-128
-126
-127
-126
-129
-129
-131
-130
-131
-137
-142
-135
-130
-127
-125
-123
-126
-122
-122
-115
-116
-114
-113
-113
-115
-117
-120
-117
-117
-118
-118
-119
-116
-118
-119
-124
-128
-130
-130
-122
-122
-122
-122
-122
-123
-126
-127
-132
-131
-129
-131
-131
-131
-130
-130
-130
-130
-130
-133
-132
-137
-132
-129
-131
-130
-128
-130
-128
-128
-126
-128
-128
-129
-126
-128
-128
-127
-129
-127
-129
-129
-129
-131
-136
-132
-127
-132
-127
-126
-129
-134
-136
-132
-132
-133
-136
-130
-129
-127
-126
-121
-122
-121
-117
-117
-114
-119
-122
-117
-119
-116
-118
-115
-116
-114
-115
-112
-110
-112
-112
-113
-115
-117
-116
-114
-110
-107
-109
-111
-113
-115
-113
-111
-111
-111
-112
-109
-112
-117
-119
-118
-119
-116
-116
-118
-115
-115
-116
-114
-114
-111
-112
-111
-111
-111
-113
-111
-113
-112
-115
-113
-110
-110
-111
-108
-107
-109
-111
-113
-116
-118
-118
-119
-119
-118
-113
-107
-108
-107
-105
-105
-106
-107
-106
-106
-106
-104
-104
-102
-104
-104
-104
-105
-108
-103
-103
-100
-97
-99
-96
-95
-97
-96
-96
-96
-94
-94
-94
-93
-95
-95
-94
