-1
-2
-1
-2
-1
0
-1
1
2
3
6
7
6
7
6
5
5
4
3
1
-1
-1
3
9
1
0
1
0
1
4
3
4
3
2
2
4
3
2
1
2
3
2
1
0
1
0
-1
0
2
3
5
7
7
3
-5
-1
1
2
2
1
3
5
4
2
3
2
4
2
10
11
12
11
10
8
7
6
7
8
7
8
9
8
9
7
8
7
5
3
4
3
4
3
2
1
0
0
-4
-8
-7
-9
-13
-9
-13
-17
-21
-15
-13
-14
-13
-14
-15
-14
-15
-14
-16
-17
-18
-19
-21
-22
-24
-25
-23
-21
-20
-19
-18
-17
-18
-19
-19
-18
-18
-19
-18
-17
-16
-15
-14
-13
-13
-14
-13
-14
-13
-12
-14
-13
-11
-10
-9
-8
-9
-10
-11
-9
-7
-6
-7
-5
-1
-5
-9
-7
-6
-7
-8
-9
-8
-7
-8
-8
-9
-11
-10
-9
-9
-8
-9
-8
-7
-9
-7
-8
-7
-8
-10
-11
-10
-11
-12
-10
-4
-3
-5
-5
-5
-6
-5
-4
-5
-4
-3
-4
-5
-6
-7
-7
-8
-8
-6
-7
-5
-6
-5
-6
-5
-4
-3
-2
-3
-4
-5
-6
-8
-6
-10
-14
-13
-14
-15
-17
-21
-15
-19
-23
-24
-26
-20
-24
-24
-25
-24
-23
-24
-25
-26
-27
-28
-26
-24
-25
-26
-27
-25
-26
-27
-26
-27
-25
-26
-26
-25
-24
-24
-25
-26
-27
-25
-26
-25
-22
-21
-20
-18
-16
-15
-13
-12
-13
-14
-14
-13
-13
-14
-16
-14
-13
-14
-13
-12
-13
-12
-12
-13
-14
-15
-14
-12
-13
-12
-13
-15
-14
-13
-12
-13
-15
-13
-14
-15
-16
-15
-13
-14
-15
-16
-17
-18
-19
-20
-19
-18
-17
-16
-15
-14
-16
-15
-15
-14
-15
-13
-14
-12
-12
-13
-12
-10
-4
-5
-4
-5
-6
-4
0
0
1
1
2
4
2
-2
-6
-5
-4
-3
-4
-4
-5
-3
-2
-1
0
0
1
2
1
2
2
1
0
-1
1
2
3
2
0
-1
-1
4
2
-2
-6
-14
-22
-14
-18
-12
-12
-8
-8
-7
-8
-7
-8
-7
-6
-5
-4
-3
-2
-2
-3
-4
-3
-4
-5
-4
-5
-4
-2
-2
-3
-4
-6
-10
-10
-10
-8
-9
-10
-8
-9
-8
-7
-8
-9
-10
-11
-12
-13
-14
-15
-14
-15
-17
-16
-16
-17
-18
-17
-16
-15
-13
-12
-13
-14
-15
-13
-12
-11
-10
-11
-12
-13
-14
-15
-16
-17
-16
-17
-19
-20
-19
-20
-20
-19
-19
-20
-21
-22
-23
-24
-25
-23
-22
-22
-23
-22
-21
-22
-21
-20
-22
-23
-25
-26
-27
-25
-24
-22
-23
-24
-25
-24
-25
-24
-23
-24
-23
-23
-21
-20
-19
-20
-19
-20
-19
-20
-19
-20
-18
-16
-17
-18
-18
-17
-18
-17
-18
-19
-20
-21
-22
-20
-16
-20
-24
-20
-16
-15
-13
-13
-12
-11
-13
-14
-15
-14
-16
-17
-16
-15
-14
-15
-14
-15
-15
-16
-15
-13
-14
-15
-15
-14
-14
-15
-14
-15
-13
-14
-13
-14
-16
-17
-16
-14
-15
-14
-13
-12
-13
-14
-15
-15
-16
-17
-18
-20
-21
-19
-17
-18
-19
-20
-22
-20
-24
-28
-32
-31
-32
-31
-32
-33
-34
-35
-36
-34
-33
-30
-30
-34
-35
-35
-34
-35
-33
-34
-34
-36
-35
-36
-37
-39
-43
-39
-40
-42
-43
-44
-45
-46
-44
-42
-41
-41
-40
-40
-39
-42
-43
-42
-40
-39
-38
-37
-38
-39
-38
-37
-36
-35
-36
-36
-37
-36
-37
-35
-34
-33
-34
-35
-34
-33
-34
-33
-32
-34
-35
-36
-34
-26
-30
-34
-38
-46
-50
-54
-48
-47
-48
-49
-50
-49
-48
-50
-51
-50
-51
-49
-49
-50
-51
-52
-50
-49
-48
-48
-49
-48
-49
-50
-48
-50
-54
-62
-66
-65
-67
-68
-70
-70
-78
-82
-86
-78
-77
-75
-74
-73
-74
-75
-74
-75
-76
-75
-76
-77
-78
-79
-78
-77
-78
-77
-78
-79
-77
-75
-73
-77
-73
-77
-81
-85
-81
-81
-80
-79
-80
-81
-77
-76
-77
-77
-76
-78
-79
-80
-81
-80
-81
-82
-80
-84
-84
-88
-88
-84
-88
-92
-93
-92
-93
-94
-95
-94
-95
-99
-95
-99
-103
-95
-95
-94
-95
-97
-97
-98
-97
-96
-97
-98
-97
-98
-97
-96
-95
-95
-96
-95
-96
-96
-97
-96
-97
-95
-96
-94
-95
-96
-95
-96
-95
-94
-95
-93
-93
-85
-86
-85
-85
-86
-87
-88
-89
-88
-89
-90
-91
-90
-89
-90
-91
-92
-92
-90
-94
-86
-85
-86
-87
-86
-86
-87
-88
-92
-91
-90
-91
-90
-91
-91
-90
-89
-88
-87
-88
-87
-88
-87
-86
-87
-87
-86
-87
-85
-86
-85
-86
-87
-88
-86
-87
-88
-89
-90
-90
-91
-90
-89
-90
-91
-91
-90
-91
-90
-89
-90
-91
-92
-90
-91
-92
-94
-90
-88
-87
-87
-83
-85
-83
-79
-81
-79
-83
-87
-83
-84
-82
-83
-81
-81
-79
-79
-75
-71
-72
-71
-71
-72
-73
-73
-72
-70
-69
-70
-71
-72
-73
-72
-71
-72
-71
-70
-68
-70
-74
-75
-75
-75
-73
-74
-75
-73
-74
-73
-75
-74
-73
-73
-72
-73
-72
-73
-72
-73
-74
-75
-74
-73
-74
-73
-72
-72
-73
-74
-75
-76
-77
-78
-78
-79
-80
-79
-77
-78
-77
-77
-76
-77
-78
-77
-78
-77
-76
-77
-76
-77
-76
-77
-77
-79
-75
-74
-72
-72
-73
-72
-73
-74
-72
-73
-72
-71
-70
-69
-69
-70
-71
-69
