1
-1
-2
-4
-5
-4
-5
-6
-7
-8
-9
-10
-9
-10
-10
-11
-12
-11
-10
-11
-10
-11
-12
-12
-11
-10
-11
-10
-11
-11
-11
-10
-9
-10
-9
-9
-7
-8
-7
-8
-6
-7
-8
-9
-8
-9
-10
-9
-10
-9
-10
-12
-13
-14
-14
-13
-10
-6
-2
2
6
2
-2
2
1
2
1
2
2
2
3
4
5
6
5
7
9
11
12
11
10
9
10
10
9
11
10
11
10
9
8
7
8
9
8
7
9
10
9
9
8
9
10
12
11
12
11
12
13
14
15
14
15
16
17
16
15
16
16
18
20
19
20
20
19
20
19
20
21
22
23
23
21
20
22
18
14
18
22
18
18
17
18
19
18
19
20
19
17
17
17
18
17
16
17
17
15
14
13
11
9
13
15
17
18
16
20
19
21
25
29
37
41
42
43
44
43
42
43
42
41
43
42
41
42
41
40
39
38
37
38
37
36
36
36
34
36
37
37
36
35
36
35
36
35
34
33
32
31
35
36
35
36
36
35
36
37
39
39
39
38
39
38
41
40
39
38
39
39
40
41
40
41
40
41
40
39
40
42
41
40
39
40
41
40
39
38
39
37
36
35
35
35
33
31
29
25
33
33
37
33
37
41
45
49
45
47
47
46
44
48
49
50
49
50
50
50
51
52
53
52
53
52
51
53
57
53
49
41
37
29
31
32
31
30
31
31
33
32
31
30
29
28
29
33
29
33
29
28
29
28
27
25
26
25
26
27
26
25
24
25
26
25
26
25
24
23
24
25
24
25
24
24
25
25
23
26
30
28
28
30
31
30
31
32
31
32
31
33
32
33
34
35
36
35
36
38
37
38
36
35
34
35
36
37
39
40
39
38
40
39
40
39
42
43
45
44
43
42
41
39
38
37
38
39
41
42
42
43
42
41
42
43
44
46
47
46
46
45
46
44
45
46
45
44
43
44
45
46
47
49
48
46
44
43
42
41
40
40
39
38
40
41
39
40
39
38
37
39
38
36
35
37
35
27
27
31
35
34
34
33
33
32
31
29
33
35
36
37
38
37
36
38
39
38
39
40
39
40
39
40
39
40
44
44
40
36
35
37
38
37
37
38
39
39
40
39
38
40
44
46
45
44
46
45
46
45
45
45
47
47
48
47
46
48
47
48
46
42
42
48
52
48
44
36
35
34
35
34
32
28
24
32
28
32
28
24
23
26
25
24
23
22
25
26
25
24
25
24
22
21
21
20
20
19
18
17
18
19
18
19
20
20
22
20
21
19
23
19
15
11
10
8
8
9
10
11
13
15
14
15
14
15
14
15
17
17
16
15
14
18
14
15
13
9
10
8
4
3
5
4
3
2
2
3
4
0
-1
-3
-4
-4
-2
-4
-6
-2
-2
-6
-2
-2
4
-4
-4
-8
-12
-13
-11
-10
-11
-11
-15
-14
-11
-15
-19
-23
-22
-20
-20
-19
-17
-16
-17
-19
-20
-21
-20
-21
-20
-19
-17
-18
-19
-17
-16
-15
-16
-17
-16
-15
-13
-13
-12
-13
-14
-16
-17
-18
-20
-12
-16
-12
-16
-20
-16
-24
-25
-26
-27
-26
-25
-25
-24
-25
-26
-27
-26
-25
-26
-25
-25
-26
-27
-28
-27
-28
-27
-28
-26
-24
-25
-27
-26
-23
-24
-25
-25
-26
-25
-24
-23
-21
-19
-20
-21
-20
-21
-23
-19
-11
-23
-24
-25
-26
-26
-27
-28
-29
-30
-31
-32
-33
-32
-33
-31
-30
-31
-32
-34
-33
-32
-33
-33
-32
-33
-32
-33
-32
-33
-35
-36
-37
-35
-34
-35
-35
-33
-33
-34
-33
-31
-32
-30
-29
-29
-30
-29
-29
-30
-31
-31
-31
-30
-29
-30
-31
-30
-31
-32
-34
-32
-31
-30
-31
-31
-32
-33
-34
-32
-31
-32
-31
-30
-31
-30
-31
-30
-29
-28
-29
-30
-28
-26
-30
-34
-35
-34
-32
-33
-32
-31
-32
-31
-31
-30
-32
-33
-34
-35
-35
-43
-47
-39
-35
-31
-30
-29
-31
-29
-29
-30
-30
-29
-28
-27
-28
-29
-31
-29
-28
-28
-27
-29
-27
-28
-28
-32
-36
-40
-36
-36
-37
-36
-35
-36
-37
-39
-39
-40
-40
-39
-40
-41
-40
-39
-40
-41
-42
-43
-45
-45
-49
-45
-43
-44
-43
-42
-43
-43
-42
-41
-42
-41
-41
-40
-41
-40
-38
-39
-37
-38
-39
-40
-41
-45
-41
-37
-41
-37
-37
-39
-43
-44
-42
-41
-41
-42
-40
-41
-40
-39
-38
-37
-38
-38
-36
-35
-36
-35
-34
-35
-34
-35
-34
-35
-35
-36
-37
-39
-40
-41
-42
-43
-44
-43
-42
-40
-38
-39
-40
-41
-42
-41
-40
-39
-40
-42
-41
-42
-43
-44
-43
-44
-43
-42
-43
-42
-41
-43
-39
-40
-38
-39
-39
-38
-39
-40
-39
-40
-38
-40
-39
-37
-36
-38
-36
-35
-36
-37
-38
-40
-41
-40
-41
-40
-38
-34
-30
-30
-30
-28
-29
-29
-29
-29
-28
-29
-28
-27
-26
-27
-28
-27
-28
-29
-28
-29
-28
-25
-26
-24
-22
-23
-24
-23
-24
-23
-24
-25
-24
-25
-24
-25
-24
-23
-21
-22
-23
-24
-24
-23
-25
