4100
4000
4100
4000
3900
3900
3975
3900
3975
3900
3750
3675
36004
34508
3450
3600
3300
3300
3625
3625
3975
4350
4987
4037
3637
3562
3487
3412
3487
3637
3937
3637
3287
3612
3262
2937
2662
2912
2987
3037
2962
3012
3162
3087
3162
3087
3087
2937
2887
2887
2887
2937
2887
2837
2937
2737
2537
2787
3062
3362
3687
4037
4387
4037
4137
4037
3837
3637
4162
4162
4062
3862
4237
4637
5087
5587
5037
6037
5887
6137
6287
6437
6737
6587
6737
6887
7037
3900
3975
3825
3525
3875
3875
4437
3587
3937
3562
3912
3912
3987
3912
3837
3762
3837
3912
3762
3462
3537
3537
3237
3537
3887
4037
4137
4037
3937
3937
4050
3950
3800
3950
3950
4025
4125
3925
3850
3925
3850
3775
3700
3775
3850
3775
3700
3850
4000
4100
4000
4150
4050
4150
4050
4200
4100
4000
4100
4000
3900
3750
3825
3750
3825
3900
3825
3825
3900
4050
4350
3925
3175
3625
3625
3275
3600
3250
3175
3100
3025
3325
3625
3975
3600
3250
2600
2100
2500
2750
2800
2750
2700
2650
2650
2450
2400
2300
2250
2200
2350
2250
2450
2450
2500
2450
2350
2550
2300
2525
2525
2275
2050
2050
1850
2025
2125
2275
2175
2275
2325
2375
2425
2375
2325
2375
2275
2325
2375
2325
2275
2350
2350
2250
2350
2450
2500
2450
2500
2400
2450
2450
2400
2400
2400
2250
2300
2350
2300
2350
2400
2475
2525
2575
2625
2675
2625
2575
2525
2475
2525
2475
2525
2475
2425
2475
2425
2325
2400
2350
2400
2400
2300
2450
2350
2550
2750
3025
3625
3975
4125
4025
4125
4225
4125
4025
4225
4125
4025
3925
3850
3775
3700
3700
3775
3850
3925
4225
3925
3550
3200
3500
3850
3475
3475
3325
3400
3550
3475
3775
3475
3150
3450
3125
2825
2550
2450
2400
2550
2350
2400
2500
2400
2400
2400
2175
1975
1975
1800
1775
1750
1775
1775
1750
1775
1750
1775
1750
1725
1800
1750
1725
1750
1750
1725
1700
1725
1700
1675
1700
1675
1650
1600
1550
1525
1500
1525
1550
1525
1575
1475
1600
1450
1700
1850
1850
1887
1862
1887
1912
1950
1975
2000
1950
1925
1900
1875
1875
1850
1825
1862
1862
1887
1912
1887
1912
1862
1900
1875
1900
1950
2000
1950
1900
1850
1875
1925
1950
1900
2000
2000
1800
1750
1800
1900
1875
1925
1975
1925
1950
1925
1950
1975
1925
1900
1900
1925
2000
2050
2100
2100
2050
2100
2050
2000
1950
1925
1950
1925
1975
2025
2075
2175
2125
2225
2325
2125
2125
2175
2125
2175
2175
2075
2125
2225
2175
2225
2175
2225
2275
2325
2400
2450
2400
2450
2550
2500
2600
2700
2900
3175
2875
3150
3450
3937
3937
4500
4050
3950
3875
4025
3725
4075
4075
4475
5075
5475
6275
5875
6450
6450
6150
6300
6300
6300
6150
5850
5975
5725
5225
5725
5175
4675
4225
4125
4025
4125
4225
4125
4225
4125
4025
4225
3825
3450
4100
4000
4100
4200
4100
4200
4400
4800
5275
4750
5225
5975
6550
6700
6550
6700
6550
6700
6550
6250
5650
5100
4600
4800
4600
5000
5000
4750
5000
4500
4500
4050
4450
4025
3625
3275
3600
4300
4725
4725
4825
4625
4525
4325
4725
4275
3850
3475
3150
2550
2300
2525
2425
2375
2425
2325
2225
2525
2825
3025
3475
3150
2850
2850
2850
3125
3200
3125
2975
3525
3175
3475
3800
3425
3100
2800
3075
2775
2225
2175
2125
2075
2125
2025
2325
2100
1900
1925
1975
2175
2375
2150
2100
2100
2000
2100
2050
2100
2000
1900
2075
2275
2275
2275
2275
2325
2275
2275
2275
2325
2225
2125
2175
2225
2275
2375
2325
2425
2425
2325
2375
2425
2375
2325
2375
2425
2375
2325
2425
2225
2175
2225
2175
2025
1925
1750
1400
1525
1975
2150
2100
2150
2250
2250
2150
2350
2350
2350
2400
2350
2350
2650
2900
2850
2800
2900
2700
2450
2400
2300
2500
2750
3025
2725
2475
2025
1975
1950
1987
2012
1962
1987
1962
1937
1937
1962
1987
2012
1962
2012
1962
1987
1962
1962
1987
2012
1962
1962
1937
1887
1987
2162
2112
2062
2012
2062
1962
2062
1862
2037
1837
1837
2100
2100
1700
1750
1700
1725
1700
1625
1600
1575
1525
1425
1300
1487
1362
1487
1437
1487
1587
1587
1737
1587
1437
1562
1787
1962
1787
1762
1762
1762
1762
1737
1687
1637
1537
1537
1537
1587
1687
1587
1562
1512
1537
1562
1537
1562
1512
1562
1512
1612
1512
1662
1512
1362
1487
1462
1512
1512
1362
1237
1337
1462
1337
1212
1312
1437
1625
1775
1800
1825
1875
1875
2050
2250
2025
2225
2025
1825
1650
1500
1350
1325
1300
1375
1325
1325
1375
1475
1475
1450
1450
1425
1400
1400
1375
1425
1400
1425
1400
1375
1325
1125
1225
1325
1200
1100
1000
3900
3975
3975
3900
3975
3900
3900
3825
3825
3675
3975
4350
4775
4675
4575
4675
4775
4875
4975
5125
5000
5250
5000
4500
4050
4650
4550
4450
4350
4450
4550
4350
4550
4550
4650
4550
4550
4650
4550
4450
4350
4250
4450
4250
3850
4225
4225
3825
3450
3775
4525
4075
3875
3800
3650
3725
3875
3725
3800
3725
3650
3575
3425
3125
3125
3050
2975
3125
2975
3025
2950
3100
3400
3100
2800
2525
2475
2525
2475
2525
2475
2425
2375
2325
2275
2225
2175
2125
2175
2125
2075
2025
2075
2150
2200
2350
2450
2550
2450
2500
2500
2600
2550
2550
2350
2575
2325
2100
1700
1550
1400
1275
1150
1250
1250
1225
1200
1175
1150
1125
1100
1075
1100
1075
1100
1075
1125
1125
1100
1125
1075
1050
1000
3900
3825
3675
3675
3600
3525
3375
3675
3325
3650
4000
4400
4400
4500
4400
4200
4300
4200
4000
4400
4825
5250
4825
4825
5025
5150
5025
5025
4775
5487
4962
5675
5200
5075
5325
5825
4825
4350
4775
4875
4775
4875
4675
4575
4375
4275
4175
4375
4775
4775
4300
4400
4300
4300
4200
4100
4200
4100
3700
3350
3025
3025
3100
3025
2875
2975
3075
3275
3075
3150
3300
3000
3600
3950
4325
